GIS data file contains the following records:

    265   1481240
    395   1481252
    551   1481273
    709   1481333
    875   1481340
    1001   1481347
    1163   1481366
    1322   1481374
    1479   1481378
    1630   1481388
    1792   1481463
    1915   1481468
    2070   1481469
    2222   1481473
    2382   1481491
    2506   1481496
    2668   1481518
    2818   1481522
    2982   1481527
    3103   1481528
    3219   1481538
    3338   1481539
    3503   1481540
    3628   1481541
    3756   1481566
    3905   1481688
    4027   1481733
    4184   1481734
    4336   1481750
    4497   1481753
    4659   1481759
    4821   1481761
    4945   1481762
    5068   1481769
    5188   1481770
    5310   1481776
    5467   1481787
    5592   1481788
    5718   1481794
    5873   1481808
    6022   1481827
    6145   1481834
    6302   1481850
    6438   1481851
    6575   1481871
    6711   1481872
    6875   1481873
    6999   1481877
    7157   1481888
    7319   1481901
    7468   1481911
    7636   1481912
    7749   1481913
    7884   1481919
    8041   1481927
    8166   1481964
    8283   1481971
    8406   1482036
    8561   1482045
    8680   1482064
    8809   1482071
    8937   1482077
    9059   1482078
    9176   1482079
    9293   1482082
    9422   1482092
    9552   1482093
    9689   1482111
    9841   1482113
    10007   1482114
    10169   1482115
    10328   1482116
    10484   1482118
    10610   1482128
    10763   1482133
    10924   1482135
    11087   1482164
    11250   1482202
    11369   1482231
    11497   1482236
    11633   1482242
    11751   1482262
    11868   1482290
    12026   1482359
    12187   1482371
    12337   1482385
    12488   1482468
    12621   1482483
    12739   1482499
    12863   1482502
    12983   1482506
    13106   1482522
    13224   1482523
    13380   1482524
    13507   1482547
    13623   1482553
    13784   1482556
    13945   1482558
    14105   1482569
    14228   1482598
    14376   1482611
    14501   1482641
    14657   1482642
    14782   1482643
    14917   1482665
    15038   1482731
    15183   1482757
    15340   1482808
    15458   1482869
    15607   1482880
    15766   1482895
    15920   1482903
    16070   1482947
    16231   1482960
    16350   1482968
    16503   1482972
    16624   1483001
    16745   1483051
    16900   1483062
    17055   1483077
    17191   1483078
    17319   1483081
    17438   1483135
    17590   1483136
    17736   1483144
    17885   1483149
    18009   1483166
    18128   1483168
    18246   1483178
    18361   1483238
    18510   1483292
    18629   1483431
    18750   1483477
    18893   1483498
    19015   1483511
    19134   1483520
    19294   1483570
    19419   1483584
    19566   1483598
    19721   1483603
    19844   1483618
    20001   1483624
    20165   1483625
    20322   1483626
    20449   1483651
    20600   1483770
    20763   1483787
    20886   1483815
    21041   1483838
    21162   1483847
    21292   1483861
    21441   1483868
    21565   1483874
    21715   1483879
    21865   1484028
    21988   1484055
    22142   1484056
    22297   1484064
    22453   1484074
    22573   1484175
    22696   1484206
    22818   1484208
    22966   1484218
    23103   1484239
    23265   1484245
    23415   1484247
    23532   1484266
    23653   1484320
    23810   1484322
    23935   1484330
    24061   1484429
    24211   1484447
    24360   1484448
    24517   1484454
    24667   1484457
    24828   1484461
    24992   1484464
    25146   1484482
    25307   1484510
    25465   1484512
    25617   1484526
    25737   1484534
    25898   1484535
    26022   1484542
    26171   1484648
    26330   1484682
    26486   1484721
    26639   1484771
    26810   1484775
    26969   1484799
    27130   1484826
    27245   1484832
    27396   1484835
    27516   1484839
    27639   1484840
    27785   1484844
    27942   1484845
    28099   1484866
    28263   1484926
    28396   1484929
    28558   1484934
    28684   1484957
    28850   1484958
    28979   1484995
    29129   1484999
    29283   1485006
    29445   1485028
    29566   1485065
    29714   1485067
    29869   1485128
    30033   1485152
    30147   1485186
    30297   1485187
    30419   1485196
    30576   1485197
    30705   1485211
    30824   1485259
    30951   1485261
    31073   1485263
    31191   1485274
    31323   1485278
    31482   1485284
    31603   1485343
    31723   1485344
    31888   1485360
    32044   1485372
    32174   1485374
    32290   1485377
    32413   1485380
    32545   1485395
    32661   1485430
    32816   1485434
    32970   1485436
    33096   1485453
    33242   1485457
    33372   1485458
    33492   1485485
    33648   1485592
    33801   1485602
    33927   1485610
    34075   1485627
    34221   1485666
    34365   1485687
    34495   1485690
    34624   1485691
    34752   1485723
    34904   1485729
    35058   1485743
    35212   1485744
    35347   1485809
    35500   1485814
    35647   1485876
    35766   1485921
    35894   1485932
    36057   1485933
    36216   1485936
    36344   1485958
    36472   1485986
    36628   1485989
    36748   1486026
    36905   1486029
    37055   1486052
    37172   1486053
    37334   1486058
    37489   1486174
    37648   1486196
    37800   1486214
    37958   1486238
    38084   1486266
    38202   1486315
    38349   1486317
    38511   1486325
    38668   1486353
    38826   1486357
    38984   1486360
    39137   1486366
    39292   1486372
    39458   1486431
    39613   1486432
    39771   1486486
    39928   1486515
    40096   1486544
    40244   1486566
    40395   1486573
    40558   1486597
    40721   1486627
    40842   1486745
    40959   1486749
    41111   1486776
    41275   1486777
    41400   1486785
    41520   1486798
    41674   1486834
    41791   1486835
    41950   1486836
    42103   1486900
    42262   1486903
    42388   1486904
    42520   1486905
    42685   1486906
    42812   1486916
    42964   1486923
    43098   1486936
    43217   1486937
    43343   1486942
    43510   1486951
    43663   1486958
    43814   1486964
    43979   1486965
    44147   1486966
    44302   1486967
    44464   1486991
    44625   1487037
    44747   1487052
    44866   1487072
    44995   1487080
    45155   1487089
    45275   1487116
    45438   1487143
    45558   1487147
    45679   1487197
    45825   1487203
    45985   1487212
    46145   1487223
    46265   1487254
    46384   1487270
    46505   1487307
    46667   1487316
    46788   1487317
    46948   1487318
    47113   1487418
    47244   1487422
    47370   1487449
    47527   1487459
    47677   1487460
    47827   1487473
    47982   1487536
    48135   1487567
    48293   1487575
    48449   1487582
    48609   1487641
    48735   1487671
    48888   1487692
    49047   1487693
    49200   1487705
    49324   1487745
    49486   1487753
    49613   1487770
    49770   1487841
    49895   1487854
    50009   1487882
    50165   1487936
    50301   1487961
    50426   1487962
    50557   1487980
    50684   1488034
    50841   1488053
    50994   1488070
    51118   1488092
    51245   1488096
    51391   1488107
    51555   1488121
    51711   1488167
    51834   1488177
    51994   1488195
    52126   1488196
    52259   1488197
    52417   1488198
    52581   1488199
    52706   1488260
    52831   1488290
    52992   1488293
    53151   1488299
    53310   1488321
    53482   1488350
    53641   1488352
    53797   1488371
    53950   1488375
    54075   1488418
    54204   1488425
    54325   1488426
    54471   1488451
    54627   1488474
    54770   1488506
    54908   1488507
    55057   1488512
    55178   1488516
    55329   1488523
    55475   1488539
    55611   1488559
    55738   1488577
    55874   1488578
    56002   1488579
    56140   1488582
    56267   1488583
    56395   1488584
    56525   1488587
    56648   1488593
    56772   1488594
    56905   1488602
    57038   1488606
    57158   1488608
    57305   1488609
    57438   1489211
    57568   1489213
    57693   1489214
    57828   1489215
    57954   1489216
    58075   1489217
    58208   1489218
    58335   1491118GIS data file contains the following records:

    265   1481240
    395   1481252
    551   1481273
    709   1481333
    875   1481340
    1001   1481347
    1163   1481366
    1322   1481374
    1479   1481378
    1630   1481388
    1792   1481463
    1915   1481468
    2070   1481469
    2222   1481473
    2382   1481491
    2506   1481496
    2668   1481518
    2818   1481522
    2982   1481527
    3103   1481528
    3219   1481538
    3338   1481539
    3503   1481540
    3628   1481541
    3756   1481566
    3905   1481688
    4027   1481733
    4184   1481734
    4336   1481750
    4497   1481753
    4659   1481759
    4821   1481761
    4945   1481762
    5068   1481769
    5188   1481770
    5310   1481776
    5467   1481787
    5592   1481788
    5718   1481794
    5873   1481808
    6022   1481827
    6145   1481834
    6302   1481850
    6438   1481851
    6575   1481871
    6711   1481872
    6875   1481873
    6999   1481877
    7157   1481888
    7319   1481901
    7468   1481911
    7636   1481912
    7749   1481913
    7884   1481919
    8041   1481927
    8166   1481964
    8283   1481971
    8406   1482036
    8561   1482045
    8680   1482064
    8809   1482071
    8937   1482077
    9059   1482078
    9176   1482079
    9293   1482082
    9422   1482092
    9552   1482093
    9689   1482111
    9841   1482113
    10007   1482114
    10169   1482115
    10328   1482116
    10484   1482118
    10610   1482128
    10763   1482133
    10924   1482135
    11087   1482164
    11250   1482202
    11369   1482231
    11497   1482236
    11633   1482242
    11751   1482262
    11868   1482290
    12026   1482359
    12187   1482371
    12337   1482385
    12488   1482468
    12621   1482483
    12739   1482499
    12863   1482502
    12983   1482506
    13106   1482522
    13224   1482523
    13380   1482524
    13507   1482547
    13623   1482553
    13784   1482556
    13945   1482558
    14105   1482569
    14228   1482598
    14376   1482611
    14501   1482641
    14657   1482642
    14782   1482643
    14917   1482665
    15038   1482731
    15183   1482757
    15340   1482808
    15458   1482869
    15607   1482880
    15766   1482895
    15920   1482903
    16070   1482947
    16231   1482960
    16350   1482968
    16503   1482972
    16624   1483001
    16745   1483051
    16900   1483062
    17055   1483077
    17191   1483078
    17319   1483081
    17438   1483135
    17590   1483136
    17736   1483144
    17885   1483149
    18009   1483166
    18128   1483168
    18246   1483178
    18361   1483238
    18510   1483292
    18629   1483431
    18750   1483477
    18893   1483498
    19015   1483511
    19134   1483520
    19294   1483570
    19419   1483584
    19566   1483598
    19721   1483603
    19844   1483618
    20001   1483624
    20165   1483625
    20322   1483626
    20449   1483651
    20600   1483770
    20763   1483787
    20886   1483815
    21041   1483838
    21162   1483847
    21292   1483861
    21441   1483868
    21565   1483874
    21715   1483879
    21865   1484028
    21988   1484055
    22142   1484056
    22297   1484064
    22453   1484074
    22573   1484175
    22696   1484206
    22818   1484208
    22966   1484218
    23103   1484239
    23265   1484245
    23415   1484247
    23532   1484266
    23653   1484320
    23810   1484322
    23935   1484330
    24061   1484429
    24211   1484447
    24360   1484448
    24517   1484454
    24667   1484457
    24828   1484461
    24992   1484464
    25146   1484482
    25307   1484510
    25465   1484512
    25617   1484526
    25737   1484534
    25898   1484535
    26022   1484542
    26171   1484648
    26330   1484682
    26486   1484721
    26639   1484771
    26810   1484775
    26969   1484799
    27130   1484826
    27245   1484832
    27396   1484835
    27516   1484839
    27639   1484840
    27785   1484844
    27942   1484845
    28099   1484866
    28263   1484926
    28396   1484929
    28558   1484934
    28684   1484957
    28850   1484958
    28979   1484995
    29129   1484999
    29283   1485006
    29445   1485028
    29566   1485065
    29714   1485067
    29869   1485128
    30033   1485152
    30147   1485186
    30297   1485187
    30419   1485196
    30576   1485197
    30705   1485211
    30824   1485259
    30951   1485261
    31073   1485263
    31191   1485274
    31323   1485278
    31482   1485284
    31603   1485343
    31723   1485344
    31888   1485360
    32044   1485372
    32174   1485374
    32290   1485377
    32413   1485380
    32545   1485395
    32661   1485430
    32816   1485434
    32970   1485436
    33096   1485453
    33242   1485457
    33372   1485458
    33492   1485485
    33648   1485592
    33801   1485602
    33927   1485610
    34075   1485627
    34221   1485666
    34365   1485687
    34495   1485690
    34624   1485691
    34752   1485723
    34904   1485729
    35058   1485743
    35212   1485744
    35347   1485809
    35500   1485814
    35647   1485876
    35766   1485921
    35894   1485932
    36057   1485933
    36216   1485936
    36344   1485958
    36472   1485986
    36628   1485989
    36748   1486026
    36905   1486029
    37055   1486052
    37172   1486053
    37334   1486058
    37489   1486174
    37648   1486196
    37800   1486214
    37958   1486238
    38084   1486266
    38202   1486315
    38349   1486317
    38511   1486325
    38668   1486353
    38826   1486357
    38984   1486360
    39137   1486366
    39292   1486372
    39458   1486431
    39613   1486432
    39771   1486486
    39928   1486515
    40096   1486544
    40244   1486566
    40395   1486573
    40558   1486597
    40721   1486627
    40842   1486745
    40959   1486749
    41111   1486776
    41275   1486777
    41400   1486785
    41520   1486798
    41674   1486834
    41791   1486835
    41950   1486836
    42103   1486900
    42262   1486903
    42388   1486904
    42520   1486905
    42685   1486906
    42812   1486916
    42964   1486923
    43098   1486936
    43217   1486937
    43343   1486942
    43510   1486951
    43663   1486958
    43814   1486964
    43979   1486965
    44147   1486966
    44302   1486967
    44464   1486991
    44625   1487037
    44747   1487052
    44866   1487072
    44995   1487080
    45155   1487089
    45275   1487116
    45438   1487143
    45558   1487147
    45679   1487197
    45825   1487203
    45985   1487212
    46145   1487223
    46265   1487254
    46384   1487270
    46505   1487307
    46667   1487316
    46788   1487317
    46948   1487318
    47113   1487418
    47244   1487422
    47370   1487449
    47527   1487459
    47677   1487460
    47827   1487473
    47982   1487536
    48135   1487567
    48293   1487575
    48449   1487582
    48609   1487641
    48735   1487671
    48888   1487692
    49047   1487693
    49200   1487705
    49324   1487745
    49486   1487753
    49613   1487770
    49770   1487841
    49895   1487854
    50009   1487882
    50165   1487936
    50301   1487961
    50426   1487962
    50557   1487980
    50684   1488034
    50841   1488053
    50994   1488070
    51118   1488092
    51245   1488096
    51391   1488107
    51555   1488121
    51711   1488167
    51834   1488177
    51994   1488195
    52126   1488196
    52259   1488197
    52417   1488198
    52581   1488199
    52706   1488260
    52831   1488290
    52992   1488293
    53151   1488299
    53310   1488321
    53482   1488350
    53641   1488352
    53797   1488371
    53950   1488375
    54075   1488418
    54204   1488425
    54325   1488426
    54471   1488451
    54627   1488474
    54770   1488506
    54908   1488507
    55057   1488512
    55178   1488516
    55329   1488523
    55475   1488539
    55611   1488559
    55738   1488577
    55874   1488578
    56002   1488579
    56140   1488582
    56267   1488583
    56395   1488584
    56525   1488587
    56648   1488593
    56772   1488594
    56905   1488602
    57038   1488606
    57158   1488608
    57305   1488609
    57438   1489211
    57568   1489213
    57693   1489214
    57828   1489215
    57954   1489216
    58075   1489217
    58208   1489218
    58335   1491118